>MA6457.1 ada
A [  0.00   0.00   1.00   1.00   0.00   1.00   3.00   1.00   2.00   2.00   1.00   3.00   3.00   0.00   1.00   1.00   1.00   2.00   1.00   2.00   0.00   0.00   3.00   3.00   1.00   1.00   0.00   0.00   0.00   1.00   0.00]
C [  0.00   2.00   1.00   0.00   2.00   0.00   0.00   1.00   1.00   0.00   0.00   0.00   0.00   0.00   0.00   0.00   0.00   0.00   0.00   1.00   0.00   3.00   0.00   0.00   0.00   1.00   1.00   1.00   1.00   0.00   0.00]
G [  1.00   1.00   1.00   1.00   1.00   2.00   0.00   0.00   0.00   1.00   2.00   0.00   0.00   0.00   1.00   0.00   1.00   0.00   1.00   0.00   3.00   0.00   0.00   0.00   1.00   1.00   0.00   1.00   1.00   0.00   1.00]
T [  2.00   0.00   0.00   1.00   0.00   0.00   0.00   1.00   0.00   0.00   0.00   0.00   0.00   3.00   1.00   2.00   1.00   1.00   1.00   0.00   0.00   0.00   0.00   0.00   1.00   0.00   2.00   1.00   1.00   2.00   2.00]
>MA2610.3 araC
A [  3.00   5.00   3.00   1.00   1.00   0.00   3.00   0.00   6.00   1.00   0.00   5.00   3.00   2.00   3.00   1.00   3.00   4.00   0.00   0.00   1.00   6.00   0.00   6.00   4.00   2.00   2.00   3.00   0.00   3.00   0.00   0.00   1.00   0.00   3.00   3.00   3.00   3.00   3.00   2.00   1.00   0.00   2.00   0.00   4.00   1.00   1.00   0.00]
C [  1.00   0.00   1.00   1.00   1.00   4.00   0.00   4.00   0.00   0.00   5.00   0.00   0.00   0.00   0.00   0.00   1.00   0.00   0.00   4.00   4.00   0.00   0.00   0.00   1.00   0.00   1.00   0.00   1.00   0.00   1.00   4.00   2.00   0.00   0.00   0.00   2.00   2.00   0.00   0.00   5.00   5.00   1.00   1.00   0.00   2.00   0.00   3.00]
G [  1.00   1.00   0.00   2.00   2.00   0.00   2.00   0.00   0.00   5.00   0.00   1.00   2.00   2.00   0.00   1.00   0.00   2.00   0.00   2.00   0.00   0.00   0.00   0.00   0.00   2.00   1.00   0.00   1.00   3.00   5.00   1.00   3.00   4.00   2.00   1.00   0.00   0.00   2.00   1.00   0.00   0.00   0.00   2.00   1.00   1.00   3.00   3.00]
T [  1.00   0.00   2.00   2.00   2.00   2.00   1.00   2.00   0.00   0.00   1.00   0.00   1.00   2.00   3.00   4.00   2.00   0.00   6.00   0.00   1.00   0.00   6.00   0.00   1.00   2.00   2.00   3.00   4.00   0.00   0.00   1.00   0.00   2.00   1.00   2.00   1.00   1.00   1.00   3.00   0.00   1.00   3.00   3.00   1.00   2.00   2.00   0.00]
>MA5267.2 arcA
A [  0.00   0.00   0.00  13.00  14.00   0.00   3.00  12.00   9.00  10.00   5.00   0.00   3.00   4.00  12.00]
C [  0.00   0.00   0.00   1.00   0.00   5.00   1.00   1.00   0.00   1.00   0.00   2.00   1.00   2.00   0.00]
G [ 14.00   0.00   0.00   0.00   0.00   1.00   1.00   1.00   0.00   1.00   0.00   7.00   2.00   1.00   0.00]
T [  0.00  14.00  14.00   0.00   0.00   8.00   9.00   0.00   5.00   2.00   9.00   5.00   8.00   7.00   2.00]
>MA9026.5 argR
A [ 11.00   5.00   2.00   1.00  12.00  14.00   1.00   6.00   5.00   2.00   2.00  16.00   1.00   0.00   0.00  16.00   6.00  10.00]
C [  0.00   3.00   1.00   1.00   1.00   0.00   0.00   0.00   0.00   0.00   6.00   0.00   1.00   2.00  16.00   0.00   3.00   0.00]
G [  1.00   7.00   0.00  15.00   1.00   2.00   0.00   0.00   0.00   0.00   0.00   1.00   0.00   7.00   0.00   0.00   2.00   0.00]
T [  5.00   2.00  14.00   0.00   3.00   1.00  16.00  11.00  12.00  15.00   9.00   0.00  15.00   8.00   1.00   1.00   6.00   7.00]
>MA2953.0 cpxR
A [  0.00   0.00  11.00  11.00  11.00   6.00   3.00   6.00   4.00   1.00   0.00   1.00   8.00  10.00   6.00]
C [  0.00   2.00   0.00   0.00   0.00   1.00   3.00   1.00   2.00   4.00   0.00   0.00   3.00   1.00   1.00]
G [ 11.00   0.00   0.00   0.00   0.00   3.00   2.00   2.00   3.00   2.00  11.00   0.00   0.00   0.00   4.00]
T [  0.00   9.00   0.00   0.00   0.00   1.00   3.00   2.00   2.00   4.00   0.00  10.00   0.00   0.00   0.00]
>MA4388.0 crp
A [ 22.00  24.00  12.00   2.00   4.00   0.00   0.00  41.00   0.00   7.00  13.00  14.00  13.00   9.00   4.00   9.00  33.00  12.00  41.00   8.00  15.00  13.00]
C [  1.00   2.00   4.00  14.00   1.00   7.00   0.00   3.00  12.00  20.00  11.00   8.00   6.00  14.00   3.00  33.00   1.00  32.00   4.00   7.00   5.00   7.00]
G [  4.00   2.00  11.00   2.00  40.00   0.00  47.00   3.00   6.00  12.00   4.00  21.00  18.00   5.00   7.00   0.00  11.00   0.00   0.00   7.00   0.00   4.00]
T [ 22.00  21.00  22.00  31.00   4.00  42.00   2.00   2.00  31.00  10.00  21.00   6.00  12.00  21.00  35.00   7.00   4.00   5.00   4.00  27.00  29.00  25.00]
>MA6150.2 cspA
A [  1.00   0.00   2.00   0.00   1.00   1.00   4.00   0.00   0.00   0.00   0.00   1.00   2.00   1.00   0.00   1.00   1.00   2.00   2.00   2.00]
C [  0.00   4.00   1.00   0.00   0.00   2.00   0.00   0.00   0.00   0.00   0.00   2.00   0.00   1.00   0.00   0.00   2.00   0.00   0.00   1.00]
G [  1.00   0.00   0.00   2.00   1.00   0.00   0.00   0.00   0.00   4.00   4.00   1.00   1.00   1.00   2.00   2.00   0.00   0.00   0.00   1.00]
T [  2.00   0.00   1.00   2.00   2.00   1.00   0.00   4.00   4.00   0.00   0.00   0.00   1.00   1.00   2.00   1.00   1.00   2.00   2.00   0.00]
>MA4157.3 cynR
A [  1.00   0.00   0.00   2.00   0.00   2.00   1.00   0.00   0.00   1.00   1.00   2.00   0.00   0.00   0.00   1.00   2.00   0.00   0.00   1.00   1.00]
C [  1.00   1.00   0.00   0.00   0.00   0.00   1.00   0.00   0.00   0.00   0.00   0.00   1.00   2.00   1.00   0.00   0.00   0.00   0.00   0.00   1.00]
G [  0.00   0.00   1.00   0.00   1.00   0.00   0.00   1.00   0.00   0.00   0.00   0.00   0.00   0.00   0.00   0.00   0.00   0.00   2.00   1.00   0.00]
T [  0.00   1.00   1.00   0.00   1.00   0.00   0.00   1.00   2.00   1.00   1.00   0.00   1.00   0.00   1.00   1.00   0.00   2.00   0.00   0.00   0.00]
>MA8356.4 cysB
A [  1.00   2.00   2.00   1.00   1.00   0.00   0.00   1.00   0.00   0.00   0.00   1.00   1.00   0.00   2.00   2.00   0.00   2.00   1.00   2.00   1.00   2.00   1.00   1.00   0.00   0.00   1.00   0.00   1.00   2.00   2.00   1.00   0.00   1.00   0.00   1.00   2.00   0.00   1.00   1.00]
C [  0.00   0.00   1.00   0.00   0.00   1.00   1.00   1.00   1.00   0.00   0.00   2.00   0.00   0.00   0.00   0.00   0.00   1.00   1.00   0.00   1.00   1.00   1.00   1.00   0.00   0.00   1.00   1.00   0.00   1.00   1.00   1.00   1.00   2.00   0.00   0.00   0.00   3.00   1.00   0.00]
G [  0.00   0.00   0.00   0.00   1.00   1.00   2.00   1.00   0.00   1.00   1.00   0.00   0.00   1.00   0.00   0.00   1.00   0.00   0.00   1.00   1.00   0.00   0.00   1.00   1.00   1.00   1.00   0.00   0.00   0.00   0.00   0.00   0.00   0.00   0.00   0.00   1.00   0.00   0.00   0.00]
T [  2.00   1.00   0.00   2.00   1.00   1.00   0.00   0.00   2.00   2.00   2.00   0.00   2.00   2.00   1.00   1.00   2.00   0.00   1.00   0.00   0.00   0.00   1.00   0.00   2.00   2.00   0.00   2.00   2.00   0.00   0.00   1.00   2.00   0.00   3.00   2.00   0.00   0.00   1.00   2.00]
>MA3790.6 cytR
A [  0.00   0.00   4.00   0.00   1.00   1.00   5.00   4.00   2.00   0.00   0.00   1.00   0.00   1.00   2.00   4.00   1.00   1.00]
C [  0.00   1.00   0.00   0.00   0.00   3.00   0.00   1.00   2.00   2.00   1.00   1.00   0.00   0.00   1.00   0.00   2.00   1.00]
G [  0.00   3.00   0.00   0.00   3.00   1.00   0.00   0.00   1.00   1.00   2.00   0.00   2.00   2.00   0.00   1.00   1.00   2.00]
T [  5.00   1.00   1.00   5.00   1.00   0.00   0.00   0.00   0.00   2.00   2.00   3.00   3.00   2.00   2.00   0.00   1.00   1.00]
>MA0893.7 deoR
A [  0.00   0.00   0.00   0.00   3.00   1.00   3.00   3.00   0.00   1.00   0.00   0.00   3.00   2.00   0.00   3.00]
C [  0.00   0.00   0.00   0.00   0.00   0.00   0.00   0.00   0.00   0.00   2.00   0.00   0.00   0.00   3.00   0.00]
G [  0.00   3.00   0.00   1.00   0.00   2.00   0.00   0.00   0.00   0.00   0.00   0.00   0.00   0.00   0.00   0.00]
T [  3.00   0.00   3.00   2.00   0.00   0.00   0.00   0.00   3.00   2.00   1.00   3.00   0.00   1.00   0.00   0.00]
>MA8508.5 dnaA
A [  2.00   5.00   0.00   0.00   0.00   7.00   0.00   1.00   0.00   8.00   2.00   7.00   3.00   2.00   3.00]
C [  0.00   0.00   0.00   0.00   0.00   0.00   0.00   6.00   7.00   0.00   6.00   1.00   1.00   1.00   2.00]
G [  4.00   0.00   4.00   1.00   0.00   1.00   0.00   0.00   0.00   0.00   0.00   0.00   4.00   4.00   2.00]
T [  2.00   3.00   4.00   7.00   8.00   0.00   8.00   1.00   1.00   0.00   0.00   0.00   0.00   1.00   1.00]
>MA6300.7 fadR
A [  5.00   3.00   0.00   0.00   0.00   2.00   0.00   2.00   0.00   0.00   6.00   0.00   0.00   3.00   1.00   1.00   2.00]
C [  1.00   0.00   7.00   0.00   0.00   0.00   0.00   5.00   4.00   0.00   1.00   3.00   2.00   0.00   1.00   0.00   1.00]
G [  1.00   3.00   0.00   0.00   7.00   5.00   0.00   0.00   1.00   7.00   0.00   0.00   3.00   0.00   4.00   0.00   0.00]
T [  0.00   1.00   0.00   7.00   0.00   0.00   7.00   0.00   2.00   0.00   0.00   4.00   2.00   4.00   1.00   6.00   4.00]
>MA8212.4 fhlA
A [  0.00   0.00   1.00   0.00   2.00   1.00   1.00   1.00   0.00   1.00   2.00   1.00   3.00   0.00   0.00   1.00   1.00   0.00   0.00   3.00   0.00   3.00   0.00   0.00   1.00   1.00   0.00]
C [  2.00   0.00   0.00   2.00   0.00   1.00   0.00   0.00   2.00   0.00   0.00   2.00   0.00   1.00   1.00   0.00   0.00   3.00   0.00   0.00   3.00   0.00   1.00   1.00   2.00   0.00   0.00]
G [  0.00   3.00   0.00   0.00   1.00   0.00   1.00   0.00   0.00   2.00   0.00   0.00   0.00   0.00   0.00   1.00   0.00   0.00   3.00   0.00   0.00   0.00   1.00   0.00   0.00   0.00   1.00]
T [  1.00   0.00   2.00   1.00   0.00   1.00   1.00   2.00   1.00   0.00   1.00   0.00   0.00   2.00   2.00   1.00   2.00   0.00   0.00   0.00   0.00   0.00   1.00   2.00   0.00   2.00   2.00]
>MA6187.3 fis
A [  8.00   5.00   4.00   2.00   4.00   6.00   5.00   8.00   9.00   4.00   2.00   3.00   4.00   1.00  15.00  15.00  14.00  12.00  11.00   7.00   1.00   9.00   6.00   1.00   1.00  12.00  12.00   7.00   6.00   5.00   5.00   4.00   0.00   3.00   4.00]
C [  1.00   7.00   1.00   5.00  10.00   1.00   5.00   2.00   3.00  10.00   1.00   6.00   1.00   7.00   0.00   1.00   1.00   0.00   0.00   2.00   4.00   1.00   1.00   7.00  17.00   0.00   1.00   3.00   6.00   4.00   1.00   2.00   5.00   6.00   5.00]
G [  5.00   0.00   2.00   5.00   1.00   8.00   2.00   5.00   2.00   2.00  16.00   6.00   5.00   2.00   3.00   0.00   2.00   3.00   1.00   3.00   1.00   8.00   5.00   6.00   0.00   4.00   3.00   0.00   0.00   4.00   4.00   3.00   6.00   8.00   2.00]
T [  5.00   7.00  12.00   7.00   4.00   4.00   7.00   4.00   5.00   3.00   0.00   4.00   9.00   9.00   1.00   3.00   2.00   4.00   7.00   7.00  13.00   1.00   7.00   5.00   1.00   3.00   3.00   9.00   7.00   6.00   9.00  10.00   8.00   2.00   8.00]
>MA4934.1 fnr
A [  3.00   6.00   9.00   8.00   1.00   0.00   0.00  11.00   0.00   3.00   7.00   8.00   3.00   8.00   2.00   0.00  11.00  12.00   5.00   7.00   6.00   2.00]
C [  1.00   4.00   0.00   1.00   0.00   0.00   0.00   0.00   0.00   3.00   1.00   6.00   6.00   2.00   1.00  14.00   0.00   0.00   2.00   1.00   0.00   0.00]
G [  5.00   2.00   1.00   0.00   0.00   0.00  13.00   0.00   1.00   1.00   0.00   0.00   4.00   4.00   1.00   0.00   3.00   2.00   1.00   0.00   1.00   5.00]
T [  5.00   2.00   4.00   5.00  13.00  14.00   1.00   3.00  13.00   7.00   6.00   0.00   1.00   0.00  10.00   0.00   0.00   0.00   6.00   6.00   7.00   7.00]
>MA4437.4 fur
A [  2.00   5.00   3.00   7.00   8.00   0.00   0.00   7.00   0.00   4.00   4.00   0.00   0.00   8.00   1.00   0.00   2.00   1.00]
C [  0.00   0.00   1.00   1.00   0.00   1.00   0.00   1.00   0.00   0.00   2.00   1.00   6.00   0.00   1.00   0.00   0.00   1.00]
G [  5.00   2.00   0.00   0.00   0.00   0.00   6.00   1.00   0.00   0.00   2.00   2.00   1.00   1.00   0.00   0.00   0.00   3.00]
T [  2.00   2.00   5.00   1.00   1.00   8.00   3.00   0.00   9.00   5.00   1.00   6.00   2.00   0.00   7.00   9.00   7.00   4.00]
>MA2564.9 galR
A [  2.00   0.00   0.00   2.00   7.00   7.00   1.00   0.00   0.00   3.00   0.00   1.00   4.00   0.00   6.00   0.00]
C [  2.00   0.00   0.00   0.00   0.00   0.00   3.00   7.00   0.00   1.00   0.00   0.00   3.00   7.00   1.00   5.00]
G [  2.00   0.00   7.00   0.00   0.00   0.00   3.00   0.00   7.00   1.00   0.00   0.00   0.00   0.00   0.00   0.00]
T [  1.00   7.00   0.00   5.00   0.00   0.00   0.00   0.00   0.00   2.00   7.00   6.00   0.00   0.00   0.00   2.00]
>MA9852.7 gcvA
A [  0.00   2.00   1.00   1.00   3.00   2.00   4.00   1.00   3.00   3.00   2.00   0.00   0.00   4.00   4.00   0.00   1.00   0.00   0.00   3.00]
C [  1.00   0.00   0.00   0.00   1.00   1.00   0.00   0.00   0.00   0.00   0.00   4.00   0.00   0.00   0.00   0.00   0.00   1.00   2.00   0.00]
G [  1.00   0.00   0.00   1.00   0.00   0.00   0.00   0.00   0.00   0.00   1.00   0.00   0.00   0.00   0.00   0.00   2.00   1.00   2.00   0.00]
T [  2.00   2.00   3.00   2.00   0.00   1.00   0.00   3.00   1.00   1.00   1.00   0.00   4.00   0.00   0.00   4.00   1.00   2.00   0.00   1.00]
>MA2674.6 glpR
A [  3.00   7.00   3.00   0.00   0.00   0.00   0.00   2.00   6.00   5.00  10.00   5.00   1.00   2.00   6.00   4.00   2.00  12.00   2.00   3.00]
C [  2.00   1.00   3.00   0.00   5.00   0.00  12.00   0.00   0.00   1.00   1.00   1.00   4.00   2.00   5.00   1.00  11.00   0.00   1.00   0.00]
G [  2.00   2.00   1.00  12.00   1.00   5.00   0.00  11.00   1.00   1.00   0.00   0.00   2.00   6.00   2.00   2.00   0.00   1.00   2.00   2.00]
T [  6.00   3.00   6.00   1.00   7.00   8.00   1.00   0.00   6.00   6.00   2.00   7.00   6.00   3.00   0.00   6.00   0.00   0.00   8.00   8.00]
>MA1788.0 hipB
A [  1.00   0.00   2.00   1.00   1.00   2.00   0.00   4.00   0.00   0.00   0.00   0.00   0.00   1.00   1.00   1.00   3.00   1.00   1.00   0.00   0.00   4.00   0.00   4.00   4.00   4.00   2.00   1.00   0.00   0.00]
C [  1.00   1.00   0.00   1.00   2.00   0.00   0.00   0.00   0.00   4.00   4.00   1.00   4.00   0.00   2.00   0.00   1.00   1.00   2.00   0.00   0.00   0.00   0.00   0.00   0.00   0.00   2.00   1.00   1.00   0.00]
G [  0.00   0.00   2.00   0.00   1.00   0.00   0.00   0.00   0.00   0.00   0.00   2.00   0.00   1.00   0.00   0.00   0.00   2.00   1.00   4.00   4.00   0.00   0.00   0.00   0.00   0.00   0.00   1.00   1.00   2.00]
T [  2.00   3.00   0.00   2.00   0.00   2.00   4.00   0.00   4.00   0.00   0.00   1.00   0.00   2.00   1.00   3.00   0.00   0.00   0.00   0.00   0.00   0.00   4.00   0.00   0.00   0.00   0.00   1.00   2.00   2.00]
>MA9145.8 hns
A [  4.00   2.00   8.00   9.00   5.00   2.00   3.00  15.00   8.00   0.00   3.00]
C [  2.00   7.00   0.00   4.00   6.00   0.00   0.00   0.00   0.00   0.00   3.00]
G [  4.00   3.00   7.00   2.00   2.00   2.00   8.00   0.00   2.00   0.00   0.00]
T [  5.00   3.00   0.00   0.00   2.00  11.00   4.00   0.00   5.00  15.00   9.00]
>MA7759.7 iclR
A [  0.00   1.00   2.00   2.00   2.00   2.00   0.00   1.00   2.00   0.00   0.00   0.00   0.00   0.00   2.00]
C [  1.00   0.00   0.00   0.00   0.00   0.00   1.00   0.00   0.00   0.00   0.00   0.00   2.00   2.00   0.00]
G [  0.00   1.00   0.00   0.00   0.00   0.00   0.00   1.00   0.00   0.00   0.00   0.00   0.00   0.00   0.00]
T [  1.00   0.00   0.00   0.00   0.00   0.00   1.00   0.00   0.00   2.00   2.00   2.00   0.00   0.00   0.00]
>MA2307.8 ilvY
A [  1.00   2.00   0.00   1.00   0.00   1.00   0.00   0.00   2.00   2.00   1.00   1.00   1.00   0.00   0.00   0.00   0.00   2.00   2.00   0.00   1.00   1.00   1.00   1.00   0.00   0.00   0.00]
C [  0.00   0.00   1.00   0.00   0.00   0.00   0.00   2.00   0.00   0.00   0.00   0.00   0.00   1.00   1.00   0.00   2.00   0.00   0.00   0.00   0.00   0.00   0.00   0.00   1.00   0.00   1.00]
G [  1.00   0.00   0.00   1.00   0.00   0.00   1.00   0.00   0.00   0.00   0.00   0.00   0.00   0.00   0.00   2.00   0.00   0.00   0.00   0.00   1.00   0.00   1.00   0.00   0.00   1.00   0.00]
T [  0.00   0.00   1.00   0.00   2.00   1.00   1.00   0.00   0.00   0.00   1.00   1.00   1.00   1.00   1.00   0.00   0.00   0.00   0.00   2.00   0.00   1.00   0.00   1.00   1.00   1.00   1.00]
>MA8487.0 lacI
A [  2.00   2.00   1.00   1.00   0.00   0.00   0.00   3.00   0.00   0.00   0.00   1.00   2.00   1.00   2.00   2.00   0.00   3.00   3.00   0.00   0.00]
C [  0.00   0.00   1.00   0.00   0.00   0.00   0.00   0.00   0.00   3.00   0.00   1.00   0.00   0.00   1.00   0.00   3.00   0.00   0.00   1.00   1.00]
G [  1.00   1.00   0.00   0.00   3.00   0.00   3.00   0.00   3.00   0.00   3.00   1.00   1.00   0.00   0.00   1.00   0.00   0.00   0.00   0.00   0.00]
T [  0.00   0.00   1.00   2.00   0.00   3.00   0.00   0.00   0.00   0.00   0.00   0.00   0.00   2.00   0.00   0.00   0.00   0.00   0.00   2.00   2.00]
>MA2718.9 lexA
A [  6.00  11.00   0.00   0.00   0.00   1.00  19.00   0.00  14.00   7.00  18.00   7.00  13.00   9.00  10.00   0.00  19.00   1.00   0.00  12.00]
C [  1.00   4.00  19.00   0.00   0.00   0.00   0.00   1.00   0.00   1.00   0.00   4.00   2.00   4.00   8.00  19.00   0.00   0.00   5.00   1.00]
G [  1.00   3.00   0.00   0.00  19.00   3.00   0.00   0.00   5.00   4.00   1.00   0.00   1.00   1.00   0.00   0.00   0.00  17.00   2.00   2.00]
T [ 11.00   1.00   0.00  19.00   0.00  15.00   0.00  18.00   0.00   7.00   0.00   8.00   3.00   5.00   1.00   0.00   0.00   1.00  12.00   4.00]
>MA5129.9 lrp
A [  6.00   7.00   3.00   2.00   0.00   7.00   4.00   5.00   6.00   0.00   2.00   2.00   5.00  12.00   3.00   1.00   5.00   4.00   3.00   3.00   8.00   2.00   6.00   4.00   0.00]
C [  5.00   3.00   1.00   4.00   5.00   1.00   4.00   0.00   2.00   0.00   3.00   0.00   0.00   1.00   0.00   4.00   5.00   3.00   2.00   8.00   3.00   0.00   1.00   3.00   4.00]
G [  2.00   0.00   3.00   5.00   7.00   4.00   3.00   5.00   1.00   4.00   2.00   1.00   1.00   1.00   0.00   4.00   5.00   2.00   6.00   0.00   0.00   3.00   4.00   2.00   3.00]
T [  5.00   8.00  11.00   7.00   6.00   6.00   7.00   8.00   9.00  14.00  11.00  15.00  12.00   4.00  15.00   9.00   3.00   9.00   7.00   7.00   7.00  13.00   7.00   9.00  11.00]
>MA8566.7 malT
A [  2.00   3.00   0.00   0.00   8.00   0.00   0.00  10.00   0.00   3.00]
C [  2.00   1.00   0.00   0.00   0.00   0.00   0.00   0.00   0.00   1.00]
G [  6.00   5.00  10.00  10.00   0.00   3.00  10.00   0.00  10.00   3.00]
T [  0.00   1.00   0.00   0.00   2.00   7.00   0.00   0.00   0.00   3.00]
>MA6133.3 marR
A [  1.00   1.00   1.00   0.00   2.00   0.00   0.00   0.00   0.00   0.00   0.00   1.00   0.00   0.00   0.00   0.00   2.00   2.00   0.00   1.00   1.00   1.00   1.00   0.00]
C [  0.00   0.00   0.00   0.00   0.00   2.00   0.00   0.00   0.00   2.00   2.00   0.00   0.00   0.00   0.00   2.00   0.00   0.00   1.00   0.00   0.00   0.00   0.00   0.00]
G [  0.00   0.00   0.00   0.00   0.00   0.00   0.00   0.00   2.00   0.00   0.00   0.00   2.00   2.00   2.00   0.00   0.00   0.00   0.00   0.00   0.00   0.00   0.00   1.00]
T [  1.00   1.00   1.00   2.00   0.00   0.00   2.00   2.00   0.00   0.00   0.00   1.00   0.00   0.00   0.00   0.00   0.00   0.00   1.00   1.00   1.00   1.00   1.00   1.00]
>MA3816.5 melR
A [  2.00   0.00   0.00   0.00   0.00   0.00   2.00   0.00   2.00   2.00   2.00   0.00   0.00   0.00   2.00   0.00   2.00   0.00]
C [  0.00   0.00   0.00   2.00   2.00   2.00   0.00   0.00   0.00   0.00   0.00   2.00   0.00   2.00   0.00   0.00   0.00   0.00]
G [  0.00   0.00   0.00   0.00   0.00   0.00   0.00   0.00   0.00   0.00   0.00   0.00   0.00   0.00   0.00   2.00   0.00   0.00]
T [  0.00   2.00   2.00   0.00   0.00   0.00   0.00   2.00   0.00   0.00   0.00   0.00   2.00   0.00   0.00   0.00   0.00   2.00]
>MA6125.7 metJ
A [  6.00   3.00  14.00   0.00   8.00   0.00   1.00   1.00  10.00   6.00  12.00   1.00   5.00   0.00   5.00   0.00]
C [  1.00   1.00   0.00  13.00   0.00   0.00  13.00   2.00   0.00   0.00   1.00  13.00   0.00   1.00   9.00   0.00]
G [  7.00   8.00   0.00   0.00   6.00   1.00   1.00   0.00   3.00   5.00   2.00   0.00   8.00   3.00   0.00   0.00]
T [  1.00   3.00   1.00   2.00   1.00  14.00   0.00  12.00   2.00   4.00   0.00   1.00   2.00  11.00   1.00  15.00]
>MA2335.4 metR
A [  3.00   0.00   0.00   6.00   5.00   4.00   2.00   0.00   0.00   0.00   0.00   0.00   0.00   8.00   2.00]
C [  4.00   0.00   0.00   1.00   0.00   0.00   1.00   1.00   1.00   3.00   3.00   0.00   8.00   0.00   4.00]
G [  0.00   1.00   8.00   0.00   1.00   1.00   1.00   0.00   0.00   1.00   0.00   0.00   0.00   0.00   1.00]
T [  1.00   7.00   0.00   1.00   2.00   3.00   4.00   7.00   7.00   4.00   5.00   8.00   0.00   0.00   1.00]
>MA2057.6 modE
A [  0.00   0.00   1.00   0.00   2.00   0.00   3.00   0.00   2.00   0.00   2.00   1.00   0.00   1.00   0.00   0.00   3.00   0.00   3.00   0.00   3.00   1.00   0.00   0.00]
C [  3.00   0.00   1.00   0.00   0.00   0.00   0.00   0.00   0.00   2.00   0.00   1.00   0.00   2.00   2.00   0.00   0.00   2.00   0.00   0.00   0.00   0.00   3.00   0.00]
G [  0.00   3.00   0.00   0.00   1.00   0.00   0.00   0.00   0.00   1.00   0.00   0.00   3.00   0.00   0.00   0.00   0.00   0.00   0.00   0.00   0.00   2.00   0.00   3.00]
T [  0.00   0.00   1.00   3.00   0.00   3.00   0.00   3.00   1.00   0.00   1.00   1.00   0.00   0.00   1.00   3.00   0.00   1.00   0.00   3.00   0.00   0.00   0.00   0.00]
>MA5106.2 nagC
A [  0.00   1.00   1.00   4.00   2.00   0.00   0.00   1.00   4.00   1.00   0.00   4.00   1.00   1.00   1.00   3.00   6.00   6.00   5.00   3.00   5.00   2.00   1.00]
C [  1.00   1.00   1.00   0.00   0.00   0.00   0.00   2.00   0.00   3.00   2.00   0.00   0.00   1.00   4.00   0.00   0.00   0.00   0.00   0.00   0.00   0.00   2.00]
G [  2.00   0.00   0.00   0.00   0.00   0.00   0.00   0.00   2.00   0.00   2.00   1.00   0.00   1.00   1.00   3.00   0.00   0.00   0.00   0.00   0.00   0.00   2.00]
T [  3.00   4.00   4.00   2.00   4.00   6.00   6.00   3.00   0.00   2.00   2.00   1.00   5.00   3.00   0.00   0.00   0.00   0.00   1.00   3.00   1.00   4.00   1.00]
>MA3324.1 narL
A [  0.00   6.00   6.00   1.00   0.00   0.00   2.00   5.00   4.00   9.00   1.00   1.00   1.00   0.00   0.00  11.00]
C [  0.00   1.00   5.00   6.00   4.00  11.00   1.00   2.00   1.00   2.00   1.00   1.00   0.00   0.00   0.00   0.00]
G [  1.00   1.00   0.00   0.00   0.00   0.00   3.00   1.00   0.00   0.00   5.00   7.00  10.00  11.00   0.00   0.00]
T [ 10.00   3.00   0.00   4.00   7.00   0.00   5.00   3.00   6.00   0.00   4.00   2.00   0.00   0.00  11.00   0.00]
>MA6417.9 narP
A [  0.00   8.00   2.00   0.00   0.00   1.00   2.00   6.00   4.00   6.00   0.00   0.00   1.00   0.00   0.00   8.00]
C [  0.00   0.00   6.00   7.00   4.00   7.00   0.00   0.00   0.00   2.00   0.00   2.00   0.00   0.00   0.00   0.00]
G [  0.00   0.00   0.00   0.00   0.00   0.00   2.00   0.00   0.00   0.00   7.00   4.00   7.00   8.00   0.00   0.00]
T [  8.00   0.00   0.00   1.00   4.00   0.00   4.00   2.00   4.00   0.00   1.00   2.00   0.00   0.00   8.00   0.00]
>MA0525.5 ompR
A [  3.00   2.00   4.00   4.00   0.00   4.00   0.00   3.00   2.00   0.00   2.00   4.00   5.00   9.00   3.00   7.00   2.00   4.00   2.00   3.00]
C [  0.00   0.00   0.00   1.00   9.00   1.00   1.00   1.00   1.00   1.00   0.00   0.00   2.00   0.00   6.00   1.00   0.00   1.00   2.00   1.00]
G [  2.00   1.00   0.00   0.00   0.00   1.00   2.00   1.00   1.00   1.00   4.00   2.00   0.00   0.00   0.00   0.00   1.00   1.00   3.00   0.00]
T [  4.00   6.00   5.00   4.00   0.00   3.00   6.00   4.00   5.00   7.00   3.00   3.00   2.00   0.00   0.00   1.00   6.00   3.00   2.00   5.00]
>MA8906.5 oxyR
A [  2.00   1.00   1.00   1.00   0.00   1.00   0.00   0.00   1.00   0.00   2.00   1.00   0.00   1.00   4.00   0.00   0.00   1.00   0.00   4.00   0.00   0.00   1.00   3.00   0.00   1.00   0.00   1.00   0.00   1.00   1.00   2.00   3.00   1.00   1.00   2.00   3.00   0.00   0.00]
C [  0.00   0.00   2.00   1.00   0.00   0.00   2.00   3.00   0.00   1.00   0.00   1.00   3.00   0.00   0.00   0.00   2.00   1.00   3.00   0.00   2.00   3.00   2.00   0.00   0.00   1.00   0.00   2.00   1.00   0.00   0.00   1.00   0.00   2.00   3.00   0.00   0.00   1.00   1.00]
G [  1.00   0.00   0.00   1.00   3.00   2.00   0.00   0.00   2.00   1.00   0.00   2.00   0.00   0.00   0.00   0.00   0.00   2.00   0.00   0.00   1.00   0.00   0.00   1.00   0.00   1.00   4.00   0.00   1.00   2.00   1.00   1.00   0.00   0.00   0.00   0.00   1.00   0.00   1.00]
T [  1.00   3.00   1.00   1.00   1.00   1.00   2.00   1.00   1.00   2.00   2.00   0.00   1.00   3.00   0.00   4.00   2.00   0.00   1.00   0.00   1.00   1.00   1.00   0.00   4.00   1.00   0.00   1.00   2.00   1.00   2.00   0.00   1.00   1.00   0.00   2.00   0.00   3.00   2.00]
>MA5020.6 pdhR
A [  2.00   1.00   0.00   0.00   0.00   0.00   0.00   2.00   2.00   1.00   2.00   0.00   0.00   1.00   1.00   0.00   1.00]
C [  0.00   0.00   0.00   0.00   0.00   0.00   0.00   0.00   0.00   0.00   0.00   1.00   1.00   0.00   0.00   1.00   0.00]
G [  0.00   1.00   0.00   0.00   2.00   1.00   0.00   0.00   0.00   1.00   0.00   0.00   1.00   0.00   1.00   0.00   0.00]
T [  0.00   0.00   2.00   2.00   0.00   1.00   2.00   0.00   0.00   0.00   0.00   1.00   0.00   1.00   0.00   1.00   1.00]
>MA1707.8 phoB
A [  3.00   1.00   2.00   1.00   3.00  13.00   0.00  10.00   8.00  11.00   4.00   1.00   0.00   0.00   2.00   7.00  14.00   1.00   7.00   7.00   8.00   6.00]
C [ 10.00   0.00   0.00   0.00   9.00   0.00   0.00   2.00   2.00   1.00   1.00  11.00   2.00   0.00   0.00   8.00   0.00   6.00   5.00   1.00   1.00   5.00]
G [  0.00   0.00  10.00   1.00   0.00   0.00   1.00   0.00   0.00   0.00   2.00   1.00   0.00  13.00   0.00   0.00   1.00   1.00   1.00   1.00   2.00   0.00]
T [  2.00  14.00   3.00  13.00   3.00   2.00  14.00   3.00   5.00   3.00   8.00   2.00  13.00   2.00  13.00   0.00   0.00   7.00   2.00   6.00   4.00   4.00]
>MA1551.3 purR
A [  5.00   2.00   3.00   9.00  13.00  19.00   7.00   1.00  12.00  20.00  21.00  15.00   0.00   0.00   3.00   0.00   0.00   3.00   0.00   1.00   2.00   7.00   6.00   7.00   5.00   7.00]
C [  2.00   2.00   6.00   3.00   2.00   1.00   5.00   0.00   7.00   1.00   1.00   3.00  22.00   0.00   1.00   0.00   0.00   1.00  21.00   3.00   7.00   0.00   1.00   6.00   1.00   4.00]
G [  4.00  13.00   5.00   4.00   6.00   1.00   7.00  21.00   1.00   1.00   0.00   0.00   0.00  22.00   4.00   0.00   0.00  15.00   1.00  16.00   0.00   9.00  10.00   5.00   7.00   5.00]
T [ 11.00   5.00   8.00   6.00   1.00   1.00   3.00   0.00   2.00   0.00   0.00   4.00   0.00   0.00  14.00  22.00  22.00   3.00   0.00   2.00  13.00   6.00   5.00   4.00   9.00   6.00]
>MA2067.2 rhaS
A [  1.00   0.00   0.00   0.00   0.00   0.00   0.00   0.00   0.00   0.00   0.00   0.00   0.00   0.00   0.00   0.00   0.00   1.00   1.00   0.00   0.00   0.00   0.00   0.00   0.00   1.00   1.00   0.00   0.00   0.00   1.00   0.00   0.00   0.00   0.00   0.00   2.00   1.00   0.00   1.00   2.00   0.00   0.00   1.00   0.00   2.00   1.00   0.00   1.00   1.00]
C [  1.00   1.00   1.00   0.00   0.00   1.00   1.00   2.00   2.00   0.00   0.00   0.00   0.00   0.00   1.00   2.00   1.00   1.00   1.00   0.00   0.00   0.00   1.00   1.00   2.00   0.00   0.00   0.00   0.00   0.00   1.00   2.00   0.00   0.00   0.00   2.00   0.00   0.00   0.00   1.00   0.00   2.00   0.00   0.00   1.00   0.00   0.00   0.00   0.00   0.00]
G [  0.00   0.00   0.00   0.00   0.00   0.00   1.00   0.00   0.00   0.00   2.00   1.00   0.00   1.00   1.00   0.00   1.00   0.00   0.00   1.00   1.00   1.00   1.00   0.00   0.00   1.00   0.00   0.00   0.00   0.00   0.00   0.00   0.00   2.00   1.00   0.00   0.00   1.00   0.00   0.00   0.00   0.00   2.00   1.00   1.00   0.00   0.00   1.00   1.00   0.00]
T [  0.00   1.00   1.00   2.00   2.00   1.00   0.00   0.00   0.00   2.00   0.00   1.00   2.00   1.00   0.00   0.00   0.00   0.00   0.00   1.00   1.00   1.00   0.00   1.00   0.00   0.00   1.00   2.00   2.00   2.00   0.00   0.00   2.00   0.00   1.00   0.00   0.00   0.00   2.00   0.00   0.00   0.00   0.00   0.00   0.00   0.00   1.00   1.00   0.00   1.00]
>MA6499.6 rpoE
A [  0.00   0.00   0.00   3.00   3.00   0.00   0.00   0.00   0.00   2.00   0.00   1.00   2.00   1.00   3.00   2.00   2.00   2.00   2.00   1.00   2.00   0.00   2.00   1.00   0.00   0.00   0.00   1.00   3.00   1.00   1.00   2.00   2.00   1.00   1.00   1.00]
C [  2.00   0.00   0.00   0.00   0.00   3.00   0.00   0.00   1.00   0.00   1.00   0.00   1.00   0.00   0.00   0.00   1.00   0.00   0.00   1.00   1.00   2.00   0.00   1.00   0.00   3.00   0.00   0.00   0.00   1.00   1.00   1.00   0.00   1.00   1.00   1.00]
G [  0.00   2.00   3.00   0.00   0.00   0.00   0.00   0.00   1.00   0.00   2.00   2.00   0.00   0.00   0.00   0.00   0.00   1.00   0.00   1.00   0.00   1.00   1.00   1.00   0.00   0.00   0.00   2.00   0.00   0.00   1.00   0.00   0.00   0.00   0.00   1.00]
T [  1.00   1.00   0.00   0.00   0.00   0.00   3.00   3.00   1.00   1.00   0.00   0.00   0.00   2.00   0.00   1.00   0.00   0.00   1.00   0.00   0.00   0.00   0.00   0.00   3.00   0.00   3.00   0.00   0.00   1.00   0.00   0.00   1.00   1.00   1.00   0.00]
>MA4812.6 rpoN
A [  0.00   0.00   0.00   0.00   6.00   0.00   4.00   4.00   4.00   3.00   3.00   2.00   0.00   0.00   0.00   3.00]
C [  0.00   0.00   0.00   6.00   0.00   5.00   0.00   1.00   0.00   0.00   0.00   0.00   1.00   0.00   5.00   0.00]
G [  0.00   6.00   6.00   0.00   0.00   0.00   2.00   1.00   0.00   0.00   1.00   0.00   0.00   5.00   0.00   0.00]
T [  6.00   0.00   0.00   0.00   0.00   1.00   0.00   0.00   2.00   3.00   2.00   4.00   5.00   1.00   1.00   3.00]
>MA8020.5 soxS
A [  2.00   2.00   5.00   2.00  10.00   2.00   3.00   0.00   0.00  12.00   0.00   1.00   4.00   6.00   6.00   4.00   4.00   3.00   2.00  10.00   7.00   5.00   3.00   4.00   5.00   4.00   5.00   5.00   2.00   6.00   4.00   2.00   2.00   4.00   4.00]
C [  3.00   0.00   3.00   5.00   2.00   5.00   5.00   0.00  14.00   0.00   7.00   3.00   0.00   0.00   3.00   4.00   1.00   4.00   8.00   2.00   1.00   2.00   3.00   3.00   6.00   3.00   2.00   3.00   4.00   5.00   3.00   0.00   6.00   3.00   7.00]
G [  3.00   4.00   1.00   2.00   1.00   2.00   3.00  14.00   0.00   1.00   2.00   4.00   6.00   1.00   1.00   3.00   5.00   2.00   1.00   0.00   2.00   2.00   0.00   2.00   0.00   0.00   2.00   3.00   2.00   0.00   4.00   2.00   2.00   3.00   0.00]
T [  6.00   8.00   5.00   5.00   1.00   5.00   3.00   0.00   0.00   1.00   5.00   6.00   4.00   7.00   4.00   3.00   4.00   5.00   3.00   2.00   4.00   5.00   8.00   5.00   3.00   7.00   5.00   3.00   6.00   3.00   3.00  10.00   4.00   4.00   3.00]
>MA0314.0 torR
A [  0.00   0.00   0.00   0.00   0.00   0.00   4.00   0.00   3.00   0.00]
C [  4.00   1.00   0.00   0.00   0.00   4.00   0.00   0.00   1.00   1.00]
G [  0.00   0.00   4.00   0.00   0.00   0.00   0.00   0.00   0.00   0.00]
T [  0.00   3.00   0.00   4.00   4.00   0.00   0.00   4.00   0.00   3.00]
>MA9175.5 trpR
A [  1.00   1.00   0.00   0.00   0.00   4.00   0.00   0.00   2.00   0.00   1.00   0.00   3.00   4.00   1.00   0.00   3.00   0.00   0.00   2.00   0.00   2.00   2.00   0.00]
C [  0.00   0.00   1.00   0.00   0.00   0.00   4.00   0.00   2.00   0.00   1.00   0.00   0.00   0.00   3.00   0.00   0.00   0.00   0.00   0.00   4.00   0.00   0.00   0.00]
G [  1.00   1.00   0.00   4.00   0.00   0.00   0.00   0.00   0.00   4.00   0.00   2.00   0.00   0.00   0.00   1.00   1.00   4.00   0.00   1.00   0.00   2.00   1.00   0.00]
T [  2.00   2.00   3.00   0.00   4.00   0.00   0.00   4.00   0.00   0.00   2.00   2.00   1.00   0.00   0.00   3.00   0.00   0.00   4.00   1.00   0.00   0.00   1.00   4.00]
>MA2552.1 tus
A [  3.00   3.00   2.00   2.00   5.00   0.00   0.00   6.00   0.00   0.00   0.00   0.00   0.00   0.00   6.00   6.00   0.00   0.00   6.00   5.00   3.00   2.00   1.00]
C [  2.00   1.00   0.00   0.00   1.00   0.00   0.00   0.00   0.00   0.00   0.00   0.00   0.00   0.00   0.00   0.00   6.00   0.00   0.00   1.00   0.00   1.00   0.00]
G [  0.00   0.00   0.00   0.00   0.00   6.00   1.00   0.00   0.00   6.00   0.00   0.00   6.00   0.00   0.00   0.00   0.00   1.00   0.00   0.00   2.00   2.00   1.00]
T [  1.00   2.00   4.00   4.00   0.00   0.00   5.00   0.00   6.00   0.00   6.00   6.00   0.00   6.00   0.00   0.00   0.00   5.00   0.00   0.00   1.00   1.00   4.00]
>MA9602.2 tyrR
A [  2.00   3.00   0.00   0.00   1.00  12.00   8.00   9.00   2.00  12.00   6.00  10.00   8.00   7.00   4.00   0.00   0.00  15.00   0.00   8.00   3.00   5.00]
C [  1.00   5.00   0.00   0.00   0.00   2.00   2.00   3.00   2.00   2.00   2.00   0.00   2.00   2.00   0.00   0.00   1.00   2.00  17.00   0.00   7.00   3.00]
G [  7.00   7.00   0.00  17.00   2.00   0.00   0.00   2.00   7.00   1.00   3.00   3.00   3.00   4.00   0.00   2.00   3.00   0.00   0.00   7.00   2.00   1.00]
T [  7.00   2.00  17.00   0.00  14.00   3.00   7.00   3.00   6.00   2.00   6.00   4.00   4.00   4.00  13.00  15.00  13.00   0.00   0.00   2.00   5.00   8.00]
>MA1841.1 ada
A [  0.00   0.00   1.00   1.00   0.00   1.00   3.00   1.00   2.00   2.00   1.00   3.00   3.00   0.00   1.00   1.00   1.00   2.00   1.00   2.00   0.00   0.00   3.00   3.00   1.00   1.00   0.00   0.00   0.00   1.00   0.00]
C [  0.00   2.00   1.00   0.00   2.00   0.00   0.00   1.00   1.00   0.00   0.00   0.00   0.00   0.00   0.00   0.00   0.00   0.00   0.00   1.00   0.00   3.00   0.00   0.00   0.00   1.00   1.00   1.00   1.00   0.00   0.00]
G [  1.00   1.00   1.00   1.00   1.00   2.00   0.00   0.00   0.00   1.00   2.00   0.00   0.00   0.00   1.00   0.00   1.00   0.00   1.00   0.00   3.00   0.00   0.00   0.00   1.00   1.00   0.00   1.00   1.00   0.00   1.00]
T [  2.00   0.00   0.00   1.00   0.00   0.00   0.00   1.00   0.00   0.00   0.00   0.00   0.00   3.00   1.00   2.00   1.00   1.00   1.00   0.00   0.00   0.00   0.00   0.00   1.00   0.00   2.00   1.00   1.00   2.00   2.00]
>MA2258.1 araC
A [  3.00   5.00   3.00   1.00   1.00   0.00   3.00   0.00   6.00   1.00   0.00   5.00   3.00   2.00   3.00   1.00   3.00   4.00   0.00   0.00   1.00   6.00   0.00   6.00   4.00   2.00   2.00   3.00   0.00   3.00   0.00   0.00   1.00   0.00   3.00   3.00   3.00   3.00   3.00   2.00   1.00   0.00   2.00   0.00   4.00   1.00   1.00   0.00]
C [  1.00   0.00   1.00   1.00   1.00   4.00   0.00   4.00   0.00   0.00   5.00   0.00   0.00   0.00   0.00   0.00   1.00   0.00   0.00   4.00   4.00   0.00   0.00   0.00   1.00   0.00   1.00   0.00   1.00   0.00   1.00   4.00   2.00   0.00   0.00   0.00   2.00   2.00   0.00   0.00   5.00   5.00   1.00   1.00   0.00   2.00   0.00   3.00]
G [  1.00   1.00   0.00   2.00   2.00   0.00   2.00   0.00   0.00   5.00   0.00   1.00   2.00   2.00   0.00   1.00   0.00   2.00   0.00   2.00   0.00   0.00   0.00   0.00   0.00   2.00   1.00   0.00   1.00   3.00   5.00   1.00   3.00   4.00   2.00   1.00   0.00   0.00   2.00   1.00   0.00   0.00   0.00   2.00   1.00   1.00   3.00   3.00]
T [  1.00   0.00   2.00   2.00   2.00   2.00   1.00   2.00   0.00   0.00   1.00   0.00   1.00   2.00   3.00   4.00   2.00   0.00   6.00   0.00   1.00   0.00   6.00   0.00   1.00   2.00   2.00   3.00   4.00   0.00   0.00   1.00   0.00   2.00   1.00   2.00   1.00   1.00   1.00   3.00   0.00   1.00   3.00   3.00   1.00   2.00   2.00   0.00]
>MA4344.6 arcA
A [  0.00   0.00   0.00  13.00  14.00   0.00   3.00  12.00   9.00  10.00   5.00   0.00   3.00   4.00  12.00]
C [  0.00   0.00   0.00   1.00   0.00   5.00   1.00   1.00   0.00   1.00   0.00   2.00   1.00   2.00   0.00]
G [ 14.00   0.00   0.00   0.00   0.00   1.00   1.00   1.00   0.00   1.00   0.00   7.00   2.00   1.00   0.00]
T [  0.00  14.00  14.00   0.00   0.00   8.00   9.00   0.00   5.00   2.00   9.00   5.00   8.00   7.00   2.00]
>MA4830.4 argR
A [ 11.00   5.00   2.00   1.00  12.00  14.00   1.00   6.00   5.00   2.00   2.00  16.00   1.00   0.00   0.00  16.00   6.00  10.00]
C [  0.00   3.00   1.00   1.00   1.00   0.00   0.00   0.00   0.00   0.00   6.00   0.00   1.00   2.00  16.00   0.00   3.00   0.00]
G [  1.00   7.00   0.00  15.00   1.00   2.00   0.00   0.00   0.00   0.00   0.00   1.00   0.00   7.00   0.00   0.00   2.00   0.00]
T [  5.00   2.00  14.00   0.00   3.00   1.00  16.00  11.00  12.00  15.00   9.00   0.00  15.00   8.00   1.00   1.00   6.00   7.00]
>MA8866.9 cpxR
A [  0.00   0.00  11.00  11.00  11.00   6.00   3.00   6.00   4.00   1.00   0.00   1.00   8.00  10.00   6.00]
C [  0.00   2.00   0.00   0.00   0.00   1.00   3.00   1.00   2.00   4.00   0.00   0.00   3.00   1.00   1.00]
G [ 11.00   0.00   0.00   0.00   0.00   3.00   2.00   2.00   3.00   2.00  11.00   0.00   0.00   0.00   4.00]
T [  0.00   9.00   0.00   0.00   0.00   1.00   3.00   2.00   2.00   4.00   0.00  10.00   0.00   0.00   0.00]
>MA5958.5 crp
A [ 22.00  24.00  12.00   2.00   4.00   0.00   0.00  41.00   0.00   7.00  13.00  14.00  13.00   9.00   4.00   9.00  33.00  12.00  41.00   8.00  15.00  13.00]
C [  1.00   2.00   4.00  14.00   1.00   7.00   0.00   3.00  12.00  20.00  11.00   8.00   6.00  14.00   3.00  33.00   1.00  32.00   4.00   7.00   5.00   7.00]
G [  4.00   2.00  11.00   2.00  40.00   0.00  47.00   3.00   6.00  12.00   4.00  21.00  18.00   5.00   7.00   0.00  11.00   0.00   0.00   7.00   0.00   4.00]
T [ 22.00  21.00  22.00  31.00   4.00  42.00   2.00   2.00  31.00  10.00  21.00   6.00  12.00  21.00  35.00   7.00   4.00   5.00   4.00  27.00  29.00  25.00]
>MA0051.6 cspA
A [  1.00   0.00   2.00   0.00   1.00   1.00   4.00   0.00   0.00   0.00   0.00   1.00   2.00   1.00   0.00   1.00   1.00   2.00   2.00   2.00]
C [  0.00   4.00   1.00   0.00   0.00   2.00   0.00   0.00   0.00   0.00   0.00   2.00   0.00   1.00   0.00   0.00   2.00   0.00   0.00   1.00]
G [  1.00   0.00   0.00   2.00   1.00   0.00   0.00   0.00   0.00   4.00   4.00   1.00   1.00   1.00   2.00   2.00   0.00   0.00   0.00   1.00]
T [  2.00   0.00   1.00   2.00   2.00   1.00   0.00   4.00   4.00   0.00   0.00   0.00   1.00   1.00   2.00   1.00   1.00   2.00   2.00   0.00]
>MA4955.9 cynR
A [  1.00   0.00   0.00   2.00   0.00   2.00   1.00   0.00   0.00   1.00   1.00   2.00   0.00   0.00   0.00   1.00   2.00   0.00   0.00   1.00   1.00]
C [  1.00   1.00   0.00   0.00   0.00   0.00   1.00   0.00   0.00   0.00   0.00   0.00   1.00   2.00   1.00   0.00   0.00   0.00   0.00   0.00   1.00]
G [  0.00   0.00   1.00   0.00   1.00   0.00   0.00   1.00   0.00   0.00   0.00   0.00   0.00   0.00   0.00   0.00   0.00   0.00   2.00   1.00   0.00]
T [  0.00   1.00   1.00   0.00   1.00   0.00   0.00   1.00   2.00   1.00   1.00   0.00   1.00   0.00   1.00   1.00   0.00   2.00   0.00   0.00   0.00]
>MA4546.7 cysB
A [  1.00   2.00   2.00   1.00   1.00   0.00   0.00   1.00   0.00   0.00   0.00   1.00   1.00   0.00   2.00   2.00   0.00   2.00   1.00   2.00   1.00   2.00   1.00   1.00   0.00   0.00   1.00   0.00   1.00   2.00   2.00   1.00   0.00   1.00   0.00   1.00   2.00   0.00   1.00   1.00]
C [  0.00   0.00   1.00   0.00   0.00   1.00   1.00   1.00   1.00   0.00   0.00   2.00   0.00   0.00   0.00   0.00   0.00   1.00   1.00   0.00   1.00   1.00   1.00   1.00   0.00   0.00   1.00   1.00   0.00   1.00   1.00   1.00   1.00   2.00   0.00   0.00   0.00   3.00   1.00   0.00]
G [  0.00   0.00   0.00   0.00   1.00   1.00   2.00   1.00   0.00   1.00   1.00   0.00   0.00   1.00   0.00   0.00   1.00   0.00   0.00   1.00   1.00   0.00   0.00   1.00   1.00   1.00   1.00   0.00   0.00   0.00   0.00   0.00   0.00   0.00   0.00   0.00   1.00   0.00   0.00   0.00]
T [  2.00   1.00   0.00   2.00   1.00   1.00   0.00   0.00   2.00   2.00   2.00   0.00   2.00   2.00   1.00   1.00   2.00   0.00   1.00   0.00   0.00   0.00   1.00   0.00   2.00   2.00   0.00   2.00   2.00   0.00   0.00   1.00   2.00   0.00   3.00   2.00   0.00   0.00   1.00   2.00]
>MA4951.9 cytR
A [  0.00   0.00   4.00   0.00   1.00   1.00   5.00   4.00   2.00   0.00   0.00   1.00   0.00   1.00   2.00   4.00   1.00   1.00]
C [  0.00   1.00   0.00   0.00   0.00   3.00   0.00   1.00   2.00   2.00   1.00   1.00   0.00   0.00   1.00   0.00   2.00   1.00]
G [  0.00   3.00   0.00   0.00   3.00   1.00   0.00   0.00   1.00   1.00   2.00   0.00   2.00   2.00   0.00   1.00   1.00   2.00]
T [  5.00   1.00   1.00   5.00   1.00   0.00   0.00   0.00   0.00   2.00   2.00   3.00   3.00   2.00   2.00   0.00   1.00   1.00]
>MA9128.8 deoR
A [  0.00   0.00   0.00   0.00   3.00   1.00   3.00   3.00   0.00   1.00   0.00   0.00   3.00   2.00   0.00   3.00]
C [  0.00   0.00   0.00   0.00   0.00   0.00   0.00   0.00   0.00   0.00   2.00   0.00   0.00   0.00   3.00   0.00]
G [  0.00   3.00   0.00   1.00   0.00   2.00   0.00   0.00   0.00   0.00   0.00   0.00   0.00   0.00   0.00   0.00]
T [  3.00   0.00   3.00   2.00   0.00   0.00   0.00   0.00   3.00   2.00   1.00   3.00   0.00   1.00   0.00   0.00]
>MA3278.2 dnaA
A [  2.00   5.00   0.00   0.00   0.00   7.00   0.00   1.00   0.00   8.00   2.00   7.00   3.00   2.00   3.00]
C [  0.00   0.00   0.00   0.00   0.00   0.00   0.00   6.00   7.00   0.00   6.00   1.00   1.00   1.00   2.00]
G [  4.00   0.00   4.00   1.00   0.00   1.00   0.00   0.00   0.00   0.00   0.00   0.00   4.00   4.00   2.00]
T [  2.00   3.00   4.00   7.00   8.00   0.00   8.00   1.00   1.00   0.00   0.00   0.00   0.00   1.00   1.00]
>MA2387.1 fadR
A [  5.00   3.00   0.00   0.00   0.00   2.00   0.00   2.00   0.00   0.00   6.00   0.00   0.00   3.00   1.00   1.00   2.00]
C [  1.00   0.00   7.00   0.00   0.00   0.00   0.00   5.00   4.00   0.00   1.00   3.00   2.00   0.00   1.00   0.00   1.00]
G [  1.00   3.00   0.00   0.00   7.00   5.00   0.00   0.00   1.00   7.00   0.00   0.00   3.00   0.00   4.00   0.00   0.00]
T [  0.00   1.00   0.00   7.00   0.00   0.00   7.00   0.00   2.00   0.00   0.00   4.00   2.00   4.00   1.00   6.00   4.00]
>MA3808.4 fhlA
A [  0.00   0.00   1.00   0.00   2.00   1.00   1.00   1.00   0.00   1.00   2.00   1.00   3.00   0.00   0.00   1.00   1.00   0.00   0.00   3.00   0.00   3.00   0.00   0.00   1.00   1.00   0.00]
C [  2.00   0.00   0.00   2.00   0.00   1.00   0.00   0.00   2.00   0.00   0.00   2.00   0.00   1.00   1.00   0.00   0.00   3.00   0.00   0.00   3.00   0.00   1.00   1.00   2.00   0.00   0.00]
G [  0.00   3.00   0.00   0.00   1.00   0.00   1.00   0.00   0.00   2.00   0.00   0.00   0.00   0.00   0.00   1.00   0.00   0.00   3.00   0.00   0.00   0.00   1.00   0.00   0.00   0.00   1.00]
T [  1.00   0.00   2.00   1.00   0.00   1.00   1.00   2.00   1.00   0.00   1.00   0.00   0.00   2.00   2.00   1.00   2.00   0.00   0.00   0.00   0.00   0.00   1.00   2.00   0.00   2.00   2.00]
>MA6023.1 fis
A [  8.00   5.00   4.00   2.00   4.00   6.00   5.00   8.00   9.00   4.00   2.00   3.00   4.00   1.00  15.00  15.00  14.00  12.00  11.00   7.00   1.00   9.00   6.00   1.00   1.00  12.00  12.00   7.00   6.00   5.00   5.00   4.00   0.00   3.00   4.00]
C [  1.00   7.00   1.00   5.00  10.00   1.00   5.00   2.00   3.00  10.00   1.00   6.00   1.00   7.00   0.00   1.00   1.00   0.00   0.00   2.00   4.00   1.00   1.00   7.00  17.00   0.00   1.00   3.00   6.00   4.00   1.00   2.00   5.00   6.00   5.00]
G [  5.00   0.00   2.00   5.00   1.00   8.00   2.00   5.00   2.00   2.00  16.00   6.00   5.00   2.00   3.00   0.00   2.00   3.00   1.00   3.00   1.00   8.00   5.00   6.00   0.00   4.00   3.00   0.00   0.00   4.00   4.00   3.00   6.00   8.00   2.00]
T [  5.00   7.00  12.00   7.00   4.00   4.00   7.00   4.00   5.00   3.00   0.00   4.00   9.00   9.00   1.00   3.00   2.00   4.00   7.00   7.00  13.00   1.00   7.00   5.00   1.00   3.00   3.00   9.00   7.00   6.00   9.00  10.00   8.00   2.00   8.00]
>MA8020.6 fnr
A [  3.00   6.00   9.00   8.00   1.00   0.00   0.00  11.00   0.00   3.00   7.00   8.00   3.00   8.00   2.00   0.00  11.00  12.00   5.00   7.00   6.00   2.00]
C [  1.00   4.00   0.00   1.00   0.00   0.00   0.00   0.00   0.00   3.00   1.00   6.00   6.00   2.00   1.00  14.00   0.00   0.00   2.00   1.00   0.00   0.00]
G [  5.00   2.00   1.00   0.00   0.00   0.00  13.00   0.00   1.00   1.00   0.00   0.00   4.00   4.00   1.00   0.00   3.00   2.00   1.00   0.00   1.00   5.00]
T [  5.00   2.00   4.00   5.00  13.00  14.00   1.00   3.00  13.00   7.00   6.00   0.00   1.00   0.00  10.00   0.00   0.00   0.00   6.00   6.00   7.00   7.00]
>MA9722.4 fur
A [  2.00   5.00   3.00   7.00   8.00   0.00   0.00   7.00   0.00   4.00   4.00   0.00   0.00   8.00   1.00   0.00   2.00   1.00]
C [  0.00   0.00   1.00   1.00   0.00   1.00   0.00   1.00   0.00   0.00   2.00   1.00   6.00   0.00   1.00   0.00   0.00   1.00]
G [  5.00   2.00   0.00   0.00   0.00   0.00   6.00   1.00   0.00   0.00   2.00   2.00   1.00   1.00   0.00   0.00   0.00   3.00]
T [  2.00   2.00   5.00   1.00   1.00   8.00   3.00   0.00   9.00   5.00   1.00   6.00   2.00   0.00   7.00   9.00   7.00   4.00]
>MA3492.2 galR
A [  2.00   0.00   0.00   2.00   7.00   7.00   1.00   0.00   0.00   3.00   0.00   1.00   4.00   0.00   6.00   0.00]
C [  2.00   0.00   0.00   0.00   0.00   0.00   3.00   7.00   0.00   1.00   0.00   0.00   3.00   7.00   1.00   5.00]
G [  2.00   0.00   7.00   0.00   0.00   0.00   3.00   0.00   7.00   1.00   0.00   0.00   0.00   0.00   0.00   0.00]
T [  1.00   7.00   0.00   5.00   0.00   0.00   0.00   0.00   0.00   2.00   7.00   6.00   0.00   0.00   0.00   2.00]
>MA7019.0 gcvA
A [  0.00   2.00   1.00   1.00   3.00   2.00   4.00   1.00   3.00   3.00   2.00   0.00   0.00   4.00   4.00   0.00   1.00   0.00   0.00   3.00]
C [  1.00   0.00   0.00   0.00   1.00   1.00   0.00   0.00   0.00   0.00   0.00   4.00   0.00   0.00   0.00   0.00   0.00   1.00   2.00   0.00]
G [  1.00   0.00   0.00   1.00   0.00   0.00   0.00   0.00   0.00   0.00   1.00   0.00   0.00   0.00   0.00   0.00   2.00   1.00   2.00   0.00]
T [  2.00   2.00   3.00   2.00   0.00   1.00   0.00   3.00   1.00   1.00   1.00   0.00   4.00   0.00   0.00   4.00   1.00   2.00   0.00   1.00]
>MA8644.3 glpR
A [  3.00   7.00   3.00   0.00   0.00   0.00   0.00   2.00   6.00   5.00  10.00   5.00   1.00   2.00   6.00   4.00   2.00  12.00   2.00   3.00]
C [  2.00   1.00   3.00   0.00   5.00   0.00  12.00   0.00   0.00   1.00   1.00   1.00   4.00   2.00   5.00   1.00  11.00   0.00   1.00   0.00]
G [  2.00   2.00   1.00  12.00   1.00   5.00   0.00  11.00   1.00   1.00   0.00   0.00   2.00   6.00   2.00   2.00   0.00   1.00   2.00   2.00]
T [  6.00   3.00   6.00   1.00   7.00   8.00   1.00   0.00   6.00   6.00   2.00   7.00   6.00   3.00   0.00   6.00   0.00   0.00   8.00   8.00]
>MA0002.7 hipB
A [  1.00   0.00   2.00   1.00   1.00   2.00   0.00   4.00   0.00   0.00   0.00   0.00   0.00   1.00   1.00   1.00   3.00   1.00   1.00   0.00   0.00   4.00   0.00   4.00   4.00   4.00   2.00   1.00   0.00   0.00]
C [  1.00   1.00   0.00   1.00   2.00   0.00   0.00   0.00   0.00   4.00   4.00   1.00   4.00   0.00   2.00   0.00   1.00   1.00   2.00   0.00   0.00   0.00   0.00   0.00   0.00   0.00   2.00   1.00   1.00   0.00]
G [  0.00   0.00   2.00   0.00   1.00   0.00   0.00   0.00   0.00   0.00   0.00   2.00   0.00   1.00   0.00   0.00   0.00   2.00   1.00   4.00   4.00   0.00   0.00   0.00   0.00   0.00   0.00   1.00   1.00   2.00]
T [  2.00   3.00   0.00   2.00   0.00   2.00   4.00   0.00   4.00   0.00   0.00   1.00   0.00   2.00   1.00   3.00   0.00   0.00   0.00   0.00   0.00   0.00   4.00   0.00   0.00   0.00   0.00   1.00   2.00   2.00]
>MA4809.9 hns
A [  4.00   2.00   8.00   9.00   5.00   2.00   3.00  15.00   8.00   0.00   3.00]
C [  2.00   7.00   0.00   4.00   6.00   0.00   0.00   0.00   0.00   0.00   3.00]
G [  4.00   3.00   7.00   2.00   2.00   2.00   8.00   0.00   2.00   0.00   0.00]
T [  5.00   3.00   0.00   0.00   2.00  11.00   4.00   0.00   5.00  15.00   9.00]
>MA6881.3 iclR
A [  0.00   1.00   2.00   2.00   2.00   2.00   0.00   1.00   2.00   0.00   0.00   0.00   0.00   0.00   2.00]
C [  1.00   0.00   0.00   0.00   0.00   0.00   1.00   0.00   0.00   0.00   0.00   0.00   2.00   2.00   0.00]
G [  0.00   1.00   0.00   0.00   0.00   0.00   0.00   1.00   0.00   0.00   0.00   0.00   0.00   0.00   0.00]
T [  1.00   0.00   0.00   0.00   0.00   0.00   1.00   0.00   0.00   2.00   2.00   2.00   0.00   0.00   0.00]
>MA5664.0 ilvY
A [  1.00   2.00   0.00   1.00   0.00   1.00   0.00   0.00   2.00   2.00   1.00   1.00   1.00   0.00   0.00   0.00   0.00   2.00   2.00   0.00   1.00   1.00   1.00   1.00   0.00   0.00   0.00]
C [  0.00   0.00   1.00   0.00   0.00   0.00   0.00   2.00   0.00   0.00   0.00   0.00   0.00   1.00   1.00   0.00   2.00   0.00   0.00   0.00   0.00   0.00   0.00   0.00   1.00   0.00   1.00]
G [  1.00   0.00   0.00   1.00   0.00   0.00   1.00   0.00   0.00   0.00   0.00   0.00   0.00   0.00   0.00   2.00   0.00   0.00   0.00   0.00   1.00   0.00   1.00   0.00   0.00   1.00   0.00]
T [  0.00   0.00   1.00   0.00   2.00   1.00   1.00   0.00   0.00   0.00   1.00   1.00   1.00   1.00   1.00   0.00   0.00   0.00   0.00   2.00   0.00   1.00   0.00   1.00   1.00   1.00   1.00]
>MA0036.0 lacI
A [  2.00   2.00   1.00   1.00   0.00   0.00   0.00   3.00   0.00   0.00   0.00   1.00   2.00   1.00   2.00   2.00   0.00   3.00   3.00   0.00   0.00]
C [  0.00   0.00   1.00   0.00   0.00   0.00   0.00   0.00   0.00   3.00   0.00   1.00   0.00   0.00   1.00   0.00   3.00   0.00   0.00   1.00   1.00]
G [  1.00   1.00   0.00   0.00   3.00   0.00   3.00   0.00   3.00   0.00   3.00   1.00   1.00   0.00   0.00   1.00   0.00   0.00   0.00   0.00   0.00]
T [  0.00   0.00   1.00   2.00   0.00   3.00   0.00   0.00   0.00   0.00   0.00   0.00   0.00   2.00   0.00   0.00   0.00   0.00   0.00   2.00   2.00]
>MA7753.7 lexA
A [  6.00  11.00   0.00   0.00   0.00   1.00  19.00   0.00  14.00   7.00  18.00   7.00  13.00   9.00  10.00   0.00  19.00   1.00   0.00  12.00]
C [  1.00   4.00  19.00   0.00   0.00   0.00   0.00   1.00   0.00   1.00   0.00   4.00   2.00   4.00   8.00  19.00   0.00   0.00   5.00   1.00]
G [  1.00   3.00   0.00   0.00  19.00   3.00   0.00   0.00   5.00   4.00   1.00   0.00   1.00   1.00   0.00   0.00   0.00  17.00   2.00   2.00]
T [ 11.00   1.00   0.00  19.00   0.00  15.00   0.00  18.00   0.00   7.00   0.00   8.00   3.00   5.00   1.00   0.00   0.00   1.00  12.00   4.00]
>MA1969.1 lrp
A [  6.00   7.00   3.00   2.00   0.00   7.00   4.00   5.00   6.00   0.00   2.00   2.00   5.00  12.00   3.00   1.00   5.00   4.00   3.00   3.00   8.00   2.00   6.00   4.00   0.00]
C [  5.00   3.00   1.00   4.00   5.00   1.00   4.00   0.00   2.00   0.00   3.00   0.00   0.00   1.00   0.00   4.00   5.00   3.00   2.00   8.00   3.00   0.00   1.00   3.00   4.00]
G [  2.00   0.00   3.00   5.00   7.00   4.00   3.00   5.00   1.00   4.00   2.00   1.00   1.00   1.00   0.00   4.00   5.00   2.00   6.00   0.00   0.00   3.00   4.00   2.00   3.00]
T [  5.00   8.00  11.00   7.00   6.00   6.00   7.00   8.00   9.00  14.00  11.00  15.00  12.00   4.00  15.00   9.00   3.00   9.00   7.00   7.00   7.00  13.00   7.00   9.00  11.00]
>MA9904.3 malT
A [  2.00   3.00   0.00   0.00   8.00   0.00   0.00  10.00   0.00   3.00]
C [  2.00   1.00   0.00   0.00   0.00   0.00   0.00   0.00   0.00   1.00]
G [  6.00   5.00  10.00  10.00   0.00   3.00  10.00   0.00  10.00   3.00]
T [  0.00   1.00   0.00   0.00   2.00   7.00   0.00   0.00   0.00   3.00]
>MA5598.7 marR
A [  1.00   1.00   1.00   0.00   2.00   0.00   0.00   0.00   0.00   0.00   0.00   1.00   0.00   0.00   0.00   0.00   2.00   2.00   0.00   1.00   1.00   1.00   1.00   0.00]
C [  0.00   0.00   0.00   0.00   0.00   2.00   0.00   0.00   0.00   2.00   2.00   0.00   0.00   0.00   0.00   2.00   0.00   0.00   1.00   0.00   0.00   0.00   0.00   0.00]
G [  0.00   0.00   0.00   0.00   0.00   0.00   0.00   0.00   2.00   0.00   0.00   0.00   2.00   2.00   2.00   0.00   0.00   0.00   0.00   0.00   0.00   0.00   0.00   1.00]
T [  1.00   1.00   1.00   2.00   0.00   0.00   2.00   2.00   0.00   0.00   0.00   1.00   0.00   0.00   0.00   0.00   0.00   0.00   1.00   1.00   1.00   1.00   1.00   1.00]
>MA1233.7 melR
A [  2.00   0.00   0.00   0.00   0.00   0.00   2.00   0.00   2.00   2.00   2.00   0.00   0.00   0.00   2.00   0.00   2.00   0.00]
C [  0.00   0.00   0.00   2.00   2.00   2.00   0.00   0.00   0.00   0.00   0.00   2.00   0.00   2.00   0.00   0.00   0.00   0.00]
G [  0.00   0.00   0.00   0.00   0.00   0.00   0.00   0.00   0.00   0.00   0.00   0.00   0.00   0.00   0.00   2.00   0.00   0.00]
T [  0.00   2.00   2.00   0.00   0.00   0.00   0.00   2.00   0.00   0.00   0.00   0.00   2.00   0.00   0.00   0.00   0.00   2.00]
>MA2575.8 metJ
A [  6.00   3.00  14.00   0.00   8.00   0.00   1.00   1.00  10.00   6.00  12.00   1.00   5.00   0.00   5.00   0.00]
C [  1.00   1.00   0.00  13.00   0.00   0.00  13.00   2.00   0.00   0.00   1.00  13.00   0.00   1.00   9.00   0.00]
G [  7.00   8.00   0.00   0.00   6.00   1.00   1.00   0.00   3.00   5.00   2.00   0.00   8.00   3.00   0.00   0.00]
T [  1.00   3.00   1.00   2.00   1.00  14.00   0.00  12.00   2.00   4.00   0.00   1.00   2.00  11.00   1.00  15.00]
>MA2864.6 metR
A [  3.00   0.00   0.00   6.00   5.00   4.00   2.00   0.00   0.00   0.00   0.00   0.00   0.00   8.00   2.00]
C [  4.00   0.00   0.00   1.00   0.00   0.00   1.00   1.00   1.00   3.00   3.00   0.00   8.00   0.00   4.00]
G [  0.00   1.00   8.00   0.00   1.00   1.00   1.00   0.00   0.00   1.00   0.00   0.00   0.00   0.00   1.00]
T [  1.00   7.00   0.00   1.00   2.00   3.00   4.00   7.00   7.00   4.00   5.00   8.00   0.00   0.00   1.00]
>MA0633.7 modE
A [  0.00   0.00   1.00   0.00   2.00   0.00   3.00   0.00   2.00   0.00   2.00   1.00   0.00   1.00   0.00   0.00   3.00   0.00   3.00   0.00   3.00   1.00   0.00   0.00]
C [  3.00   0.00   1.00   0.00   0.00   0.00   0.00   0.00   0.00   2.00   0.00   1.00   0.00   2.00   2.00   0.00   0.00   2.00   0.00   0.00   0.00   0.00   3.00   0.00]
G [  0.00   3.00   0.00   0.00   1.00   0.00   0.00   0.00   0.00   1.00   0.00   0.00   3.00   0.00   0.00   0.00   0.00   0.00   0.00   0.00   0.00   2.00   0.00   3.00]
T [  0.00   0.00   1.00   3.00   0.00   3.00   0.00   3.00   1.00   0.00   1.00   1.00   0.00   0.00   1.00   3.00   0.00   1.00   0.00   3.00   0.00   0.00   0.00   0.00]
>MA2869.2 nagC
A [  0.00   1.00   1.00   4.00   2.00   0.00   0.00   1.00   4.00   1.00   0.00   4.00   1.00   1.00   1.00   3.00   6.00   6.00   5.00   3.00   5.00   2.00   1.00]
C [  1.00   1.00   1.00   0.00   0.00   0.00   0.00   2.00   0.00   3.00   2.00   0.00   0.00   1.00   4.00   0.00   0.00   0.00   0.00   0.00   0.00   0.00   2.00]
G [  2.00   0.00   0.00   0.00   0.00   0.00   0.00   0.00   2.00   0.00   2.00   1.00   0.00   1.00   1.00   3.00   0.00   0.00   0.00   0.00   0.00   0.00   2.00]
T [  3.00   4.00   4.00   2.00   4.00   6.00   6.00   3.00   0.00   2.00   2.00   1.00   5.00   3.00   0.00   0.00   0.00   0.00   1.00   3.00   1.00   4.00   1.00]
>MA7575.3 narL
A [  0.00   6.00   6.00   1.00   0.00   0.00   2.00   5.00   4.00   9.00   1.00   1.00   1.00   0.00   0.00  11.00]
C [  0.00   1.00   5.00   6.00   4.00  11.00   1.00   2.00   1.00   2.00   1.00   1.00   0.00   0.00   0.00   0.00]
G [  1.00   1.00   0.00   0.00   0.00   0.00   3.00   1.00   0.00   0.00   5.00   7.00  10.00  11.00   0.00   0.00]
T [ 10.00   3.00   0.00   4.00   7.00   0.00   5.00   3.00   6.00   0.00   4.00   2.00   0.00   0.00  11.00   0.00]
>MA9465.4 narP
A [  0.00   8.00   2.00   0.00   0.00   1.00   2.00   6.00   4.00   6.00   0.00   0.00   1.00   0.00   0.00   8.00]
C [  0.00   0.00   6.00   7.00   4.00   7.00   0.00   0.00   0.00   2.00   0.00   2.00   0.00   0.00   0.00   0.00]
G [  0.00   0.00   0.00   0.00   0.00   0.00   2.00   0.00   0.00   0.00   7.00   4.00   7.00   8.00   0.00   0.00]
T [  8.00   0.00   0.00   1.00   4.00   0.00   4.00   2.00   4.00   0.00   1.00   2.00   0.00   0.00   8.00   0.00]
>MA2584.3 ompR
A [  3.00   2.00   4.00   4.00   0.00   4.00   0.00   3.00   2.00   0.00   2.00   4.00   5.00   9.00   3.00   7.00   2.00   4.00   2.00   3.00]
C [  0.00   0.00   0.00   1.00   9.00   1.00   1.00   1.00   1.00   1.00   0.00   0.00   2.00   0.00   6.00   1.00   0.00   1.00   2.00   1.00]
G [  2.00   1.00   0.00   0.00   0.00   1.00   2.00   1.00   1.00   1.00   4.00   2.00   0.00   0.00   0.00   0.00   1.00   1.00   3.00   0.00]
T [  4.00   6.00   5.00   4.00   0.00   3.00   6.00   4.00   5.00   7.00   3.00   3.00   2.00   0.00   0.00   1.00   6.00   3.00   2.00   5.00]
>MA1101.9 oxyR
A [  2.00   1.00   1.00   1.00   0.00   1.00   0.00   0.00   1.00   0.00   2.00   1.00   0.00   1.00   4.00   0.00   0.00   1.00   0.00   4.00   0.00   0.00   1.00   3.00   0.00   1.00   0.00   1.00   0.00   1.00   1.00   2.00   3.00   1.00   1.00   2.00   3.00   0.00   0.00]
C [  0.00   0.00   2.00   1.00   0.00   0.00   2.00   3.00   0.00   1.00   0.00   1.00   3.00   0.00   0.00   0.00   2.00   1.00   3.00   0.00   2.00   3.00   2.00   0.00   0.00   1.00   0.00   2.00   1.00   0.00   0.00   1.00   0.00   2.00   3.00   0.00   0.00   1.00   1.00]
G [  1.00   0.00   0.00   1.00   3.00   2.00   0.00   0.00   2.00   1.00   0.00   2.00   0.00   0.00   0.00   0.00   0.00   2.00   0.00   0.00   1.00   0.00   0.00   1.00   0.00   1.00   4.00   0.00   1.00   2.00   1.00   1.00   0.00   0.00   0.00   0.00   1.00   0.00   1.00]
T [  1.00   3.00   1.00   1.00   1.00   1.00   2.00   1.00   1.00   2.00   2.00   0.00   1.00   3.00   0.00   4.00   2.00   0.00   1.00   0.00   1.00   1.00   1.00   0.00   4.00   1.00   0.00   1.00   2.00   1.00   2.00   0.00   1.00   1.00   0.00   2.00   0.00   3.00   2.00]
>MA8200.4 pdhR
A [  2.00   1.00   0.00   0.00   0.00   0.00   0.00   2.00   2.00   1.00   2.00   0.00   0.00   1.00   1.00   0.00   1.00]
C [  0.00   0.00   0.00   0.00   0.00   0.00   0.00   0.00   0.00   0.00   0.00   1.00   1.00   0.00   0.00   1.00   0.00]
G [  0.00   1.00   0.00   0.00   2.00   1.00   0.00   0.00   0.00   1.00   0.00   0.00   1.00   0.00   1.00   0.00   0.00]
T [  0.00   0.00   2.00   2.00   0.00   1.00   2.00   0.00   0.00   0.00   0.00   1.00   0.00   1.00   0.00   1.00   1.00]
>MA8831.7 phoB
A [  3.00   1.00   2.00   1.00   3.00  13.00   0.00  10.00   8.00  11.00   4.00   1.00   0.00   0.00   2.00   7.00  14.00   1.00   7.00   7.00   8.00   6.00]
C [ 10.00   0.00   0.00   0.00   9.00   0.00   0.00   2.00   2.00   1.00   1.00  11.00   2.00   0.00   0.00   8.00   0.00   6.00   5.00   1.00   1.00   5.00]
G [  0.00   0.00  10.00   1.00   0.00   0.00   1.00   0.00   0.00   0.00   2.00   1.00   0.00  13.00   0.00   0.00   1.00   1.00   1.00   1.00   2.00   0.00]
T [  2.00  14.00   3.00  13.00   3.00   2.00  14.00   3.00   5.00   3.00   8.00   2.00  13.00   2.00  13.00   0.00   0.00   7.00   2.00   6.00   4.00   4.00]
>MA9146.8 purR
A [  5.00   2.00   3.00   9.00  13.00  19.00   7.00   1.00  12.00  20.00  21.00  15.00   0.00   0.00   3.00   0.00   0.00   3.00   0.00   1.00   2.00   7.00   6.00   7.00   5.00   7.00]
C [  2.00   2.00   6.00   3.00   2.00   1.00   5.00   0.00   7.00   1.00   1.00   3.00  22.00   0.00   1.00   0.00   0.00   1.00  21.00   3.00   7.00   0.00   1.00   6.00   1.00   4.00]
G [  4.00  13.00   5.00   4.00   6.00   1.00   7.00  21.00   1.00   1.00   0.00   0.00   0.00  22.00   4.00   0.00   0.00  15.00   1.00  16.00   0.00   9.00  10.00   5.00   7.00   5.00]
T [ 11.00   5.00   8.00   6.00   1.00   1.00   3.00   0.00   2.00   0.00   0.00   4.00   0.00   0.00  14.00  22.00  22.00   3.00   0.00   2.00  13.00   6.00   5.00   4.00   9.00   6.00]
>MA4920.9 rhaS
A [  1.00   0.00   0.00   0.00   0.00   0.00   0.00   0.00   0.00   0.00   0.00   0.00   0.00   0.00   0.00   0.00   0.00   1.00   1.00   0.00   0.00   0.00   0.00   0.00   0.00   1.00   1.00   0.00   0.00   0.00   1.00   0.00   0.00   0.00   0.00   0.00   2.00   1.00   0.00   1.00   2.00   0.00   0.00   1.00   0.00   2.00   1.00   0.00   1.00   1.00]
C [  1.00   1.00   1.00   0.00   0.00   1.00   1.00   2.00   2.00   0.00   0.00   0.00   0.00   0.00   1.00   2.00   1.00   1.00   1.00   0.00   0.00   0.00   1.00   1.00   2.00   0.00   0.00   0.00   0.00   0.00   1.00   2.00   0.00   0.00   0.00   2.00   0.00   0.00   0.00   1.00   0.00   2.00   0.00   0.00   1.00   0.00   0.00   0.00   0.00   0.00]
G [  0.00   0.00   0.00   0.00   0.00   0.00   1.00   0.00   0.00   0.00   2.00   1.00   0.00   1.00   1.00   0.00   1.00   0.00   0.00   1.00   1.00   1.00   1.00   0.00   0.00   1.00   0.00   0.00   0.00   0.00   0.00   0.00   0.00   2.00   1.00   0.00   0.00   1.00   0.00   0.00   0.00   0.00   2.00   1.00   1.00   0.00   0.00   1.00   1.00   0.00]
T [  0.00   1.00   1.00   2.00   2.00   1.00   0.00   0.00   0.00   2.00   0.00   1.00   2.00   1.00   0.00   0.00   0.00   0.00   0.00   1.00   1.00   1.00   0.00   1.00   0.00   0.00   1.00   2.00   2.00   2.00   0.00   0.00   2.00   0.00   1.00   0.00   0.00   0.00   2.00   0.00   0.00   0.00   0.00   0.00   0.00   0.00   1.00   1.00   0.00   1.00]
>MA9512.1 rpoE
A [  0.00   0.00   0.00   3.00   3.00   0.00   0.00   0.00   0.00   2.00   0.00   1.00   2.00   1.00   3.00   2.00   2.00   2.00   2.00   1.00   2.00   0.00   2.00   1.00   0.00   0.00   0.00   1.00   3.00   1.00   1.00   2.00   2.00   1.00   1.00   1.00]
C [  2.00   0.00   0.00   0.00   0.00   3.00   0.00   0.00   1.00   0.00   1.00   0.00   1.00   0.00   0.00   0.00   1.00   0.00   0.00   1.00   1.00   2.00   0.00   1.00   0.00   3.00   0.00   0.00   0.00   1.00   1.00   1.00   0.00   1.00   1.00   1.00]
G [  0.00   2.00   3.00   0.00   0.00   0.00   0.00   0.00   1.00   0.00   2.00   2.00   0.00   0.00   0.00   0.00   0.00   1.00   0.00   1.00   0.00   1.00   1.00   1.00   0.00   0.00   0.00   2.00   0.00   0.00   1.00   0.00   0.00   0.00   0.00   1.00]
T [  1.00   1.00   0.00   0.00   0.00   0.00   3.00   3.00   1.00   1.00   0.00   0.00   0.00   2.00   0.00   1.00   0.00   0.00   1.00   0.00   0.00   0.00   0.00   0.00   3.00   0.00   3.00   0.00   0.00   1.00   0.00   0.00   1.00   1.00   1.00   0.00]
>MA6104.8 rpoN
A [  0.00   0.00   0.00   0.00   6.00   0.00   4.00   4.00   4.00   3.00   3.00   2.00   0.00   0.00   0.00   3.00]
C [  0.00   0.00   0.00   6.00   0.00   5.00   0.00   1.00   0.00   0.00   0.00   0.00   1.00   0.00   5.00   0.00]
G [  0.00   6.00   6.00   0.00   0.00   0.00   2.00   1.00   0.00   0.00   1.00   0.00   0.00   5.00   0.00   0.00]
T [  6.00   0.00   0.00   0.00   0.00   1.00   0.00   0.00   2.00   3.00   2.00   4.00   5.00   1.00   1.00   3.00]
>MA0572.2 soxS
A [  2.00   2.00   5.00   2.00  10.00   2.00   3.00   0.00   0.00  12.00   0.00   1.00   4.00   6.00   6.00   4.00   4.00   3.00   2.00  10.00   7.00   5.00   3.00   4.00   5.00   4.00   5.00   5.00   2.00   6.00   4.00   2.00   2.00   4.00   4.00]
C [  3.00   0.00   3.00   5.00   2.00   5.00   5.00   0.00  14.00   0.00   7.00   3.00   0.00   0.00   3.00   4.00   1.00   4.00   8.00   2.00   1.00   2.00   3.00   3.00   6.00   3.00   2.00   3.00   4.00   5.00   3.00   0.00   6.00   3.00   7.00]
G [  3.00   4.00   1.00   2.00   1.00   2.00   3.00  14.00   0.00   1.00   2.00   4.00   6.00   1.00   1.00   3.00   5.00   2.00   1.00   0.00   2.00   2.00   0.00   2.00   0.00   0.00   2.00   3.00   2.00   0.00   4.00   2.00   2.00   3.00   0.00]
T [  6.00   8.00   5.00   5.00   1.00   5.00   3.00   0.00   0.00   1.00   5.00   6.00   4.00   7.00   4.00   3.00   4.00   5.00   3.00   2.00   4.00   5.00   8.00   5.00   3.00   7.00   5.00   3.00   6.00   3.00   3.00  10.00   4.00   4.00   3.00]
>MA7278.3 torR
A [  0.00   0.00   0.00   0.00   0.00   0.00   4.00   0.00   3.00   0.00]
C [  4.00   1.00   0.00   0.00   0.00   4.00   0.00   0.00   1.00   1.00]
G [  0.00   0.00   4.00   0.00   0.00   0.00   0.00   0.00   0.00   0.00]
T [  0.00   3.00   0.00   4.00   4.00   0.00   0.00   4.00   0.00   3.00]
>MA3514.7 trpR
A [  1.00   1.00   0.00   0.00   0.00   4.00   0.00   0.00   2.00   0.00   1.00   0.00   3.00   4.00   1.00   0.00   3.00   0.00   0.00   2.00   0.00   2.00   2.00   0.00]
C [  0.00   0.00   1.00   0.00   0.00   0.00   4.00   0.00   2.00   0.00   1.00   0.00   0.00   0.00   3.00   0.00   0.00   0.00   0.00   0.00   4.00   0.00   0.00   0.00]
G [  1.00   1.00   0.00   4.00   0.00   0.00   0.00   0.00   0.00   4.00   0.00   2.00   0.00   0.00   0.00   1.00   1.00   4.00   0.00   1.00   0.00   2.00   1.00   0.00]
T [  2.00   2.00   3.00   0.00   4.00   0.00   0.00   4.00   0.00   0.00   2.00   2.00   1.00   0.00   0.00   3.00   0.00   0.00   4.00   1.00   0.00   0.00   1.00   4.00]
>MA9648.8 tus
A [  3.00   3.00   2.00   2.00   5.00   0.00   0.00   6.00   0.00   0.00   0.00   0.00   0.00   0.00   6.00   6.00   0.00   0.00   6.00   5.00   3.00   2.00   1.00]
C [  2.00   1.00   0.00   0.00   1.00   0.00   0.00   0.00   0.00   0.00   0.00   0.00   0.00   0.00   0.00   0.00   6.00   0.00   0.00   1.00   0.00   1.00   0.00]
G [  0.00   0.00   0.00   0.00   0.00   6.00   1.00   0.00   0.00   6.00   0.00   0.00   6.00   0.00   0.00   0.00   0.00   1.00   0.00   0.00   2.00   2.00   1.00]
T [  1.00   2.00   4.00   4.00   0.00   0.00   5.00   0.00   6.00   0.00   6.00   6.00   0.00   6.00   0.00   0.00   0.00   5.00   0.00   0.00   1.00   1.00   4.00]
>MA1817.0 tyrR
A [  2.00   3.00   0.00   0.00   1.00  12.00   8.00   9.00   2.00  12.00   6.00  10.00   8.00   7.00   4.00   0.00   0.00  15.00   0.00   8.00   3.00   5.00]
C [  1.00   5.00   0.00   0.00   0.00   2.00   2.00   3.00   2.00   2.00   2.00   0.00   2.00   2.00   0.00   0.00   1.00   2.00  17.00   0.00   7.00   3.00]
G [  7.00   7.00   0.00  17.00   2.00   0.00   0.00   2.00   7.00   1.00   3.00   3.00   3.00   4.00   0.00   2.00   3.00   0.00   0.00   7.00   2.00   1.00]
T [  7.00   2.00  17.00   0.00  14.00   3.00   7.00   3.00   6.00   2.00   6.00   4.00   4.00   4.00  13.00  15.00  13.00   0.00   0.00   2.00   5.00   8.00]
